lastAccountName: Odori
timestamps:
  login: 1677783742981
  logout: 1677783748653
ipAddress: 127.0.0.1
logoutlocation:
  world: world
  x: -1116.5278901553838
  y: -69.03700861751057
  z: -2617.5915894163245
  yaw: 188.83461
  pitch: 30.086256
