jails: 
  hapis: 
    world: trxzort
    x: -33.81510550436782
    y: 22.0
    z: -36.921356128435974
    yaw: -270.11816
    pitch: -6.9980073
