world: trxzort
x: 1.4676273960625805
y: 25.0
z: -15.309071090613552
yaw: -0.061340332
pitch: -3.6000156
name: adareklam
lastowner: c5e66df5-7111-38ff-aec8-299f7151d7b6
