world: world
x: -1202.4943200558935
y: 208.0
z: -367.46544553421614
yaw: 2.6919065
pitch: -0.82116115
name: arena
lastowner: e4fbdd23-16e7-3122-acd4-d072111c647c
