world: trxzort
x: 88.548328958139
y: 13.0
z: -31.349258645074435
yaw: 31.98462
pitch: -8.384539
name: balık
lastowner: e4fbdd23-16e7-3122-acd4-d072111c647c
