world: world
x: 1094.2133685109393
y: 153.0
z: -3635.5450785522007
yaw: 92.61395
pitch: -8.563204
name: eniyi
lastowner: e4fbdd23-16e7-3122-acd4-d072111c647c
