world: kazi
x: -1142.5762797981781
y: 250.0
z: 2038.3829737227998
yaw: 182.98737
pitch: -5.3251305
name: fpsarena
lastowner: e4fbdd23-16e7-3122-acd4-d072111c647c
