world: trxzort
x: 1.4732918112437612
y: 24.0
z: -83.52894758491239
yaw: 181.23163
pitch: -10.782006
name: kasa
lastowner: e4fbdd23-16e7-3122-acd4-d072111c647c
