world: trxzort
x: -6.467095589392853
y: 22.125
z: -45.54130044739207
yaw: -269.54834
pitch: 6.3980417
name: kedi
lastowner: e4fbdd23-16e7-3122-acd4-d072111c647c
