world: event
x: -2332.9658939580786
y: 4.0
z: 2567.9761172441695
yaw: 89.38377
pitch: 1.9128461
name: labirent
lastowner: e4fbdd23-16e7-3122-acd4-d072111c647c
