world: event
x: -2420.434545785378
y: 7.0
z: 908.4236343733835
yaw: -356.4629
pitch: 0.43162102
name: merdiven
lastowner: e4fbdd23-16e7-3122-acd4-d072111c647c
