world: trxzort
x: 42.377938426444146
y: 23.0
z: -64.68727247295787
yaw: -130.37268
pitch: -2.010701
name: metin
lastowner: e4fbdd23-16e7-3122-acd4-d072111c647c
