world: kazi
x: -1718.5
y: 91.0
z: 2723.5
yaw: 180.66554
pitch: -5.933672
name: obsi
lastowner: e4fbdd23-16e7-3122-acd4-d072111c647c
