world: kazi
x: -1718.5529817563474
y: 91.0
z: 2723.1498840083254
yaw: 180.66554
pitch: -5.933672
name: obsidyen
lastowner: e4fbdd23-16e7-3122-acd4-d072111c647c
