world: world
x: 552.0448536416468
y: 16.0
z: -3998.8960748134173
yaw: -0.16779922
pitch: 4.312396E-6
name: ox
lastowner: 7d80dd35-038c-3ed0-b216-b0b14d34b22e
