world: trxzort
x: 18.955540801062394
y: 22.0
z: -40.869919431702286
yaw: -54.344376
pitch: -3.1907578
name: parkur
lastowner: e4fbdd23-16e7-3122-acd4-d072111c647c
