world: trxzort
x: 1.5870250752329467
y: 29.0
z: -2.4530691931283775
yaw: 179.60011
pitch: 1.1669129
name: spawn
lastowner: 31ce1ca7-fec2-3bb5-86b6-d5599c731d39
