world: kazi
x: -483.2267458643155
y: 238.0
z: 3451.470945215357
yaw: 271.0293
pitch: 5.6015077
name: takas
lastowner: e4fbdd23-16e7-3122-acd4-d072111c647c
