world: world
x: 1094.3952871806255
y: 153.0
z: -3635.514506445812
yaw: -267.58807
pitch: -7.593111
name: top10
lastowner: e4fbdd23-16e7-3122-acd4-d072111c647c
