world: trxzort
x: -43.529935807587265
y: 25.0
z: -62.51433144306953
yaw: -269.12982
pitch: -3.787476
name: vakitnakittir
lastowner: e4fbdd23-16e7-3122-acd4-d072111c647c
