world: kazi
x: -1641.111761675173
y: 87.0
z: 1983.4679754830988
yaw: -267.41675
pitch: -8.833912
name: vipedit
lastowner: e4fbdd23-16e7-3122-acd4-d072111c647c
