world: kazi
x: -1641.5312208773043
y: 87.0
z: 1983.563013970774
yaw: 93.34726
pitch: 17.376999
name: viphammadde
lastowner: e4fbdd23-16e7-3122-acd4-d072111c647c
