world: kazi
x: -487.5
y: 238.0
z: 3446.5
yaw: 0.1392053
pitch: -7.679972
name: wcoin
lastowner: e4fbdd23-16e7-3122-acd4-d072111c647c
