world: kazi
x: -647.5188534200681
y: 234.0
z: 3944.5089906973235
yaw: 182.73724
pitch: -4.8976965
name: yosun
lastowner: e4fbdd23-16e7-3122-acd4-d072111c647c
